532901200210162014
410304198610270548
510221198106156417
533423201702010910
532901199707212018
532901198010212013
53290119810331203X
520202197710138512
53290119900620164X
53290119710920203X
532901200003272026
532901199605312026
132423197901086526
532901199212082012
510231198206012798
530323198503152104
532901201608022016
532901201612262020
532901201510132057
532901201701102037
532901195704162010
532930198707202327
532901201305082062
532901201702012017
532901201702022012
532901201607072054
532901199610312020
53290120021017201X
532901200412132024
532901197010252029
532901198910082058
532901200611252010
532901200112122043
532901199711252020
532901199610042024
532901201101012222
532901201309262028
532901201612102027
532901201701082021
532901197303092073
532901199310012069
532901200605092049
532901197508192027
532901197809102021
532901200305182018
532901201701262014
532901199910272016
532901199310212036
532901201607272013
532901199611202042
532901200210142021
533325200509270019
532901196504282039
532901196503122025
533124197312162784
532901201702042021
532901201610252021
532901201611152022
532901201602102023
532901198812062010
532901199505042014
532901200003272042
532901200105122010
532901200708152024
532901197806101824
532901200207012015
532901199501152013
532901201410042222
532901201407222222
532901201608272015
532801197210282016
53290120030407201X
532901197811192046
532901200108282036
532901200511262019
532901201603162028
532901200406282042
532901196308182049
53290119800121202X
532901196812152017
532901201409112019
513434197106054999
532901201510082029
532901201602162018
532901199902092015
532901197907262037
532901200608202020
532901199007172019
532901199610262027
532901199605032016
532901200009282022
532901199210232224
532901199309022016
513426198505102112
532901198708152032
53290120010828201X
532901200601112022
532901200004082021
532901199312292017
532901197112280549
53290119900903201X
53290119630409202X
532901200009112015
532901199702192011
532901199911192026
53290120091007201X
533523198712022238
532901201107082029
532901201310082032
532901201601252038
532901199603272040
532901201602292023
532901201308011243
532901201701012015
532901201702132027
532901200307302028
53290120080818201X
532901201412182018
532901201611032020
532901200303292037
532901198007212020
532901201006162011
532901201610302025
53290120160920206X
532901201606032069
532901200505042028
532901200112112064
532901200210072019
532901201501282037
532901201611072014
532901201701132025
53290120131110204X
532929200307070729
532901193008242026
532901199612022019
532901200707012011
532901200509102016
532901193602192041
532901201612012013
532901201008122427
53290119920502202X
532901200609022013
532901197310222016
532901197511132041
532901200401222016
532901198903022014
532901200901042011
532901201403272011
532901201511092026
532901201603102025
532901201611032012
532901200311032059
53290120070812201X
532901200811112012
532901201109282016
532901201606202021
53290120161013202X
532901200507262016
53290119980318204X
532901201107152015
532901201210032222
532901201404192013
532901201610022015
53290120040621201X
532901199812102013
532901201510122043
532901200110252047
532901197906252224
532901197109292012
532901201703062016
532901199501192031
532901197401232025
532901200906232017
532901201101172015
53290119801227201X
53290120130301201X
532901201612022019
532901201611112020
532901201704272023
53290120170602201X
532901200709132017
532901199604142029
532901200205292025
532901198207142039
532901199908302028
420281197907097218
532901201409052028
532722200801210912
532901201701012058
532901201701120649
532901199812292021
53290119981102202X
532901200107062023
533523197902251467
532901199812082032
51022619580504851X
532901201403262016
53290119951004222X
532901201703042015
53300119880718033X
53290119920330201X
532901199612212031
532901200801282042
530523200804264020
53290120120912201X
513029196004141795
532901196807042032
532901198605082043
532901201303202016
532901201403042021
532901201604102035
532901201610152012
53290120020604201X
532901201602202024
532901201611092023
532901200211182033
532901200701092022
532901199801202043
532901200608082049
532901199602252021
532901199201202023
532901201504112025
412822196907192694
532901198408251629
532901201701052017
532901199912292061
532901199611122042
532901201010122012
532901201404302024
532901201603072049
512527197808058856
532901193708042025
532901201402282015
511025200902288328
532901201605122011
532901201611092015
532901201612112022
532923198912152521
532901196802102024
532901199612062037
532901196810242414
532901201308222040
532901201507012011
532901198901292037
532901199010022038
532901199010152043
532901201209162222
430381198908303329
532901201407032015
532901201702242015
532901201605292010
532901201612242038
532901200905152023
53290120080811202X
532901195810182015
532901197406232016
532901201408182015
532901201401192018
532901198811292025
532901199306152026
532901199001112015
532901200510152045
532901200201082071
532901196712242015
532901200111102024
532901199611122026
513426197304204214
532901197508052024
532901197511282226
532901200312142022
532901200211262033
532922198105150013
532901201502092016
532901201607222040
532901196804242012
532901201612192018
532901199510032267
532901198908102013
532901201604122028
512535196308245837
532901200709012015
532901198310182039
532901199202012010
532901200211072029
532901197702232029
532901198507222014
532901199810172018
532901199805072039
532901198612132010
532901193208232041
532901199406282020
532901197304222028
44030420080306712X
532901201602092013
532901201611082028
532901200408292041
532901200102272013
532901198312042021
532901201508172033
532901200601172017
532901199912062020
532901200202012016
532901200806022012
532901201102192018
532901201104222014
532901201312182053
510225194710189298
510225197404209290
532125196710111713
532901199301012016
53290119700227202X
532901199203022026
532901201301122012
532901199710282025
532901201405202025
532901200409122028
532901195108152019
532901199503122029
532901199105022014
532901197302182229
532901201206182025
532901196805212042
532901201405112222
532901201607172012
532901199201102030
532901201701202038
532901201603122026
53290120010713201X
532901200211252011
532901200207172027
532901199908302036
532901200408302019
532901194603022022
532901201107092016
532901201612162011
532901201701142012
532901199811092060
532901196011252018
532901200412102028
532901198310172017
532901200210232019
53290119350315201X
53290119981110202X
532901200008182038
532901198611142049
532901200407262035
532901201507142019
420921199110272825
532901200102212010
532901197808042020
532901200502282034
532901199310202022
532901200108122024
412324197908166017
532901196712302014
53290119630306203X
532901197810082080
53290120060124202X
532901199903312024
532901200509162027
532901197902212014
532901199210092014
430726197901286127
430726201202110105
53290119700506201X
532901198911022014
532901199210222018
532901199709162018
532901198001082018
532901198804062010
532724198811180641
532901198911022022
532901201107252016
510503198209113499
532901201407152041
532901201505172011
532901199308252020
532901198410132012
532901199801032013
532901199604162038
532901200004162021
532901199007252019
532901196408212428
532901201302062015
532901201401262020
532901201612102043
532901201606132027
53290119750511201X
532901197503162013
532901197309192024
532901200010042026
532901200011252076
532901199509182022
532901197303102091
532901200111132020
532901196001052020
532901200603032026
532901197301142014
532901197608162028
532901200204172013
532901197303072013
532901199712012010
532901199710302014
532901199707262015
532901200404262021
532901201106032011
532901201601012018
532901201612182012
532901198805302012
532901199103122011
532901200803292017
532901199212042010
532901199202232013
53290119860922204X
532901198207012023
532901201007202011
532901201210282029
532901201308142059
510522197012024550
42242219790901321X
421087200402103240
422422198105103249
532901201603220021
532901198501052026
53290120081208202X
532901200305082025
532901198804292019
532901197005042035
532901200002132021
533522198308241213
532901201001122029
532901201605082013
53290120170207201X
532901201611272024
532901201702132043
53012619420715042X
532901201703122023
532901201703212037
532901201701312042
532901197804162025
532901198310192229
532901197303012221
532901196502242025
532901199012302033
53290120050926201X
532901200612142024
532901199810112015
532901200905012020
532901200306102024
532901198502232010
532901199610272022
532901200011012013
532901201401012013
532901201404092020
532901201611052013
532901201502272041
532901201612232016
532901201608022016
532901201608282029
532901198408202018
532901201610222041
532901201610232012
532901201702152028
532901200508022014
532901200604012027
532901199506032045
532901198511112010
532901199607122023
532901201010160000
510223194709232719
510223195708252720
532901201503012014
532901199809182016
532901199806232065
532901198710222036
532901199412272013
532901200812072016
532901198502012018
532901201311102015
532901200712162014
510902198501020965
532901201412022014
532901201609242029
532901201612302029
421083198502221927
532901198810162018
53290120010916201X
532901200802252013
532901200410302042
622727194303010817
532901201612242011
532901201205062021
532901198310262012
532901199109242030
532901198110262026
532901198101082015
53290119590320202X
532901199611172031
532901200106072019
532901201301222013
532901201411282041
532901201410162048
532901201410162021
532901201701010642
532901198709152042
532901200607292028
532901194810012011
532901200810242034
532901197709102032
532901200011142045
532901199310072010
532901200202192010
53290119980628202X
532901201604152024
532901201512312019
532901198812142029
532901201608042041
532901199105011825
532901200012212025
532901199710302030
532901199409262025
532901200111262028
532901200611132027
532901198706052011
532901199108272019
532901199704192031
53290120120211202X
53290120140806203X
532901199703232011
532901199912292029
532901200102092012
532901201702272011
532901201602062041
532901199712312021
532901201210252049
532901201602232020
532901200505032022
532901200006272021
532901198806122013
53290120090922096X
532901198001152047
532901200804222037
532901201512202012
53290120161212201X
532901199904142012
53290120160715202X
532901199811052018
53290119490318201X
532901201512022011
532901201603062027
532901201702212027
532901201611022025
532901199501072021
532901199503062038
532901199205172044
532901195707012026
532901198109302035
532901198204261841
53290120001116202X
532901196407242019
53290119900923202X
532901200008182054
532901198909032037
532901200908292021
532901201110232024
532901201607292030
532901201102012013
532901201406132030
532901201312282046
532901201412222032
532901201402152026
532901201309012045
532901201703072011
532901201702202013
532901199305062029
532901194406222025
532901195607102024
532901201010252028
532901201308162084
532901201701102010
532901199307221468
53290120140802202X
532901197807282014
532901198705192012
532901200010052013
532901199609102026
532901199909182021
532901199301312019
532901201110072024
511021196907110233
532901201406122019
532927197803080734
532901200011282013
532901198012182014
532901198010152081
532901200312212027
532901200511102015
532901200605242027
53290120170127201X
532901199004192014
532901201208112012
532901199401172017
532901201310082024
532901201701202011
532901194909212021
532901196911292015
532901198804302010
532901201702162023
372323196808191510
532901199601222023
532901200205032020
532901200808252014
532901194011302012
532901199904112024
532901201402092027
410185197508062518
532122198908221424
532901201702202021
532901201505312029
532901197501042026
532901199604282013
532301201705210913
532930199507151523
532901201611092031
532901201609242037
430602198210206026
532901201609272025
53290119961216202X
532901200103052012
532901200111182036
532901199906302040
53290120151102201X
53290119851224201X
532901199002212018
532901199007082021
532901199408022011
532901199011192039
532931198205221321
532901200011092025
532901197403162016
532901200912082035
511304199006060818
532901201309122017
532901201011110945
532901201610232020
532901201610032010
532901201504160940
532901199803052026
532901199712262036
532901197412282036
532901200506132025
532901199512152019
532901200208122021
532901200104102034
532901199710302022
532901198410302026
532901201309221234
532901201601192012
532901201606052027
532901200303072018
532124199812172127
53290120000922202X
532901200006302032
532901196905012021
532901201605212041
532901201504102046
532901201405312021
532901201612072024
532901198903181840
532901201606272011
532901200904052020
532901200210262023
532901200112042027
532901200303032024
532901201111122011
532901201211082053
532901201210142093
532901201611302027
532901201611182010
532901197711162026
532901200906222011
532901197911052040
532901200006092020
53290119901221202X
532901199004202024
532901199210042017
532901199610272225
532901197207062034
53290120010717202X
532901198710202035
532901201605172027
532901201302282018
532901201504222048
532901201504142013
532901201612032014
532901201612222010
532901201611012011
532901201608262044
532901201312182010
532901197007082049
532901199611242044
532901200908072029
532901201312032020
532901201701152042
532901201612202028
53290120161116201X
532901201612202044
532901201612122028
532901200907202020
532901201312152014
532901199911222213
532901201703252012
532901201703222024
532901201612232024
532901201610072020
532901198705182041
53290119820225201X
532901198610262225
532901200411112013
532901199809242023
532901200209182026
532901198203062015
532901200109112020
532901200908272012
532901198502272039
532901198907202047
53290120120306201X
532901198412032031
532901197010132035
532901201606242015
532901201610022031
53290120160930201X
532901198911052053
532901198910012033
532901196903232039
532901201104192011
532901200804012021
532901196306222043
532901201106242027
532901201304212048
532901201702102020
532901201701012015
532901201701152026
532901198208112018
532901196611212052
532901200211122057
532901200810212011
532901200503072020
532901201404192013
532901201512282016
532901199307152220
532929199303041327
532901201609092024
342426198508223814
532901200101082824
532901199408102847
522427198811115293
532901198203072811
220282198905290819
340207198709261962
532924199107091923
532901198502012931
532901198407142877
532901201609132823
532901199701112825
510523197205271976
532901195103042822
532901199512182840
532901195212182824
532901199805202825
532901199612032858
532927199903010724
51113019510507141X
532901197210162829
532901193210132824
532901198808082836
341124199005185021
532901198009062820
110108201109094243
532901201207212820
532901195310032811
532901194311072810
532901199706082856
532901195911062813
532901195902032815
532901200811012812
532901199409102830
532924199110200916
220183198708105638
522427196912083658
532901201207242827
532901201610022816
532901194301192819
532901196504042828
320624196307120070
532901193407012826
532901200012122812
532901196503102825
532901200507022813
532901201308072812
532901201611241412
532901201611261413
532225197504052126
532901201611281414
532901201610311466
532901201612121412
532901201611131424
532901201612241414
532901201612051418
532901201611101428
532901201701141415
532901201609171435
532901201611281422
53290119980324145X
532901201612071419
532901201612251428
532901201610221444
532901201611231417
532901201307032528
532901200207021456
53290120051007143X
532901195206021450
532901197807221422
532901194611061419
532901196703021472
532326196310050365
532901194312141419
532901196105281426
532924196206180928
532901194111031432
532901198801051527
532901200309301440
53290119480222142X
532901196409301449
512923197002160049
532901195311120610
532901195311281465
532901193910141422
532901199603221446
532901196402081412
532901197106081420
532901197206251415
532901197910141455
532901196910041441
532901197903011425
532901196606221448
53290119721217142X
532901193802281436
532901195712261449
532901199402191471
320324195710144979
532901199702211454
532901195801141414
532901196308021448
532901195103081442
53290119690103141X
512922196402278555
512922197105298829
532901201002171455
53290119971002144X
532901195402281508
532901196903131465
533224200104250018
510224197206062199
152327198307050019
222403196301241010
222403196511161027
610928201602150488
512925197608076397
53292520120618091X
532901201701141431
532901201701111419
532901201704101435
500108201101215189
500108201101215162
51021419820406001X
532901198204214623
232700197906140849
532901201612121439
53290120161226144X
532901201611251418
532901201611131440
532901201611261421
532901201611161420
532901201611241439
532901201612131418
532901201612311435
532901201702271422
532901201702271414
532901201612151435
532901201610291450
532901201702281428
53290119850524173X
532901201612111441
532901196706071470
532901198010091414
532901200406111420
532930198609081330
532930195010150033
532930193511081110
532930194104071120
532930193202151111
532930193608191164
532930193505041112
532901200911034920
532901200510174914
532901201612304913
53290120161225491X
532901201612274929
532901201612274945
532901201610264911
53290120161229492X
532901201612194929
532901201604134926
532901201612044912
53290120161111494X
532901201612264915
532901201612084914
532901201611064989
532901201612154919
532901201612224921
532901201610144952
532901201612114941
53290120161102491X
532901201612114925
532901201612264923
532901201612184915
532901201610284939
532901201612314919
532901201606114929
532901201703254915
532901201611064962
532901201707104914
532901195212014927
522522197608277210
532901201208304292
532901193302084911
510623198701035139
53290119551203492X
532930199004261742
532930194210124917
532901200101144929
532901201701074945
532901201704254917
532901201710084926
532901201202164946
532901199307175318
532930193009150918
532930194805290924
532901199610205321
532901199910195321
532930193304031110
532930197604190955
532930197810261339
532930198205050917
532901201707225310
532901201710085312
532901201708135317
53290120170425532X
53290120170621533X
532901201207265332
532901201607165322
532901201708225312
532901201612235321
532901201710125329
532901201703075319
532901201401025316
532901201609265319
532901197507125340
532901201702175318
532901201612245327
532901201211305325
532901201612145318
532901201704195320
53290120151107221X
532901201612202212
53290120170623221X
532901201705142220
532901201710162226
532901197203175314
532901195005272421
532901194003182428
532901193002112618
532901193606122411
532901201401122423
532901201708162411
532901201709182414
532901201703082439
532901201704082414
532901200503202411
370281198010180519
522121198104220065
533224194901050037
532901201709162069
532901201612112014
532901201611062019
532901201701222020
532901201709242018
53290120161208202X
532901201709142025
460002198205203448
441602201211042235
532901201611212021
441602197906222233
532901201611232014
53290120161216202X
532901201703012019
532901200503102226
532901201612032022
532901201703132029
532901201603202018
532901197301130580
532901198009250522
52242619661112283X
532901197702131818
532901200312170521
532901200101151839
532901197308031815
532901193310010023
532901193503182825
532901193202162820
532901195009172831
532901193510162646
53290119380205281X
532901194102262829
532901201210252831
532901201706032824
532901201612242820
532901201612292836
532901201612302811
532901201610142869
532901201612022828
532901193612302822
532901195503112826
532901193410112828
532901195710062825
532901192204212815
532901194606192828
532901193002022823
532901201705302829
53290120161106281X
532901199702032843
532901201508242847
532901201612212824
430521198105252593
430503198112112027
430521200404260091
430521200508130101
430521195408083121
430521195112063092
532901201611022826
510322196311242915
532901201702202814
532901201704092831
532901201707223219
532901200603103226
532901200406303229
532901201701223218
532901201702043227
532901201707273216
532901201602233229
532901195203183219
532901201705123214
532901200701263223
532901201701263228
532901201604153211
53290120170306322X
532901201704223221
532901201708073224
532901201610303220
532901201704113217
532901201611123221
53290120161004322X
532901201711113223
532901201404033215
532901201711013222
532901201610313234
431124198612075120
532901201710193217
532901201605193231
532901201708113214
532901200706153238
532901201612063013
532901201612283016
532901201611273027
532901201701133028
532901201707313011
532901201607123034
532901201607233014
532901201706303030
533525198502281680
53290119690701301X
532901201604093028
532901201702113029
53290120161118303X
532901200908213020
532901201612142432
370523195903011615
532901198312091464
532901201704082414
532901201512262429
53290119981005306X
532901201703022217
51052119670317117X
532901201701122214
53290119350727281X
532901200908213020
532901201206083211
532901200112033227
532901201610153226
53290119311212322X
532901194808203222
532901201702173216
532901198804155364
412824198112050010
532901196502242025
532901199011192039
522522197608277210
53290119940608493X
532930193505041112
532930193505041112
532930193802041143
532901196809012240
532901198303182428
532901198709092449
532901199312242431
532901191906222415
532901201604182450
532901201009302438
532901200706302420
532901199312124064
511022197010035858
532901198110142411
532722197106080760
532901201301182410
53290120140107242X
532901199201242439
53290120001119243X
532324197209055016
53290119940921252X
532901199904292440
532901194211012431
532925198804041317
510523196602193479
532901201608012424
532901198908202524
532901201005102623
532091193908222624
532901195812232653
53290119860729201X
532901196201302610
532901196409152623
532901197004082625
53290119910116244X
53293019871206116X
532901196212152662
532901201507162431
53290120021016241X
532901201612142416
532901193202082425
532901201701052420
532901201611012417
532901200102112423
532901196905142475
532901199106102518
532901197201122411
532901197303022489
510523197604204471
532901198809302431
532930198608172310
532901201403262446
532326198701105916
532729198308102728
53290120090111242X
53290119420902242X
532901200503142447
532901201410012437
532901201607282414
532901197509012622
532901201304122413
532901201605092414
532901199909302425
532901199506202438
532901198709252422
532901200807272427
532901200307132428
532901200708132429
532901197703152418
532901199911142424
532901198603162437
532901198708212437
532901198908102478
532901199912142434
532901201511272422
532901201610102410
53290119890311244X
53290119860903249X
532901198305012414
532901199209242492
532901201401302416
532901201602012423
532901201609302415
532901201701172422
532901201304262424
532901201311092427
532901201511272430
532901201607022428
532901197404041208
532901196502082439
532901201405302421
532901201612052410
532901201702072423
532901199408162460
52262519831006211X
532901201601172425
500102198705220832
532901198709291560
532901199505112465
532901200210142443
532932198201041311
53290120161008243X
532901197907292439
532722200004241337
532901200706112440
522321199707098228
53290120011110242X
532901199906272419
522324199407193628
532901197112181487
532901201601222410
532901195602152268
432930197109184570
532901198607242645
530302199206171256
532901200609262623
532901198802192663
532901199406042633
532331193911050325
532901198607152631
130102197703272133
532901201609262425
53290119890928092X
532901196907090816
532901198010050026
532901195405262505
532932198207191521
53290119761110112X
532901196110222420
532901193309052429
53290120111103242X
53290120130929242X
53290120131020241X
532901200512162415
53290120161017246X
532901199303042446
532901200911022444
532901196302232420
532901198412082418
532901200309122418
452123197604066615
532901200006152644
532901199201072644
532901195402162621
532901195710202648
532901197801222619
53290119530321262X
532901197306042629
532901198503252662
532901200403092614
532901194701132620
532901194706072620
532901193903052624
532901199009212635
532901200504052611
532901196509242618
532901194307192625
532901199809132641
53290119570725261X
532901197608292623
532930199502090047
532901198003232219
533323200003040010
532901201006052218
53290120150706222X
532901200212302420
532901198008012223
150404198602147111
51052119670317117X
532901201208072225
532901200704032236
532901198206282240
532901199410172000
53290119941009222X
420682198902144049
53290120141201222X
532901198007182423
532901195709222211
532901200903302219
532901201609162221
532901200208172213
532901201102182223
532901201609162221
532901199801172219
532901195606152222
511521198006309014
532901195808072212
532901199806242212
522122196805220815
532901201405252233
532901201604242214
532901201611082220
533423199211031127
532901197708232222
412825196310136111
532901201509162216
53290119910915222X
532930199605201344
532901201610120985
532323196409262000
510602196710200529
532901201702082015
612521196807250118
370725196210292176
532901199405302042
532901201405292219
532901201109242241
532901200411142220
532901199612102211
532901199011052220
53290119571010225X
532901200802102226
532901201508042220
610431199104083420
532901200101242242
532901199111242216
532901201702022215
532901198610192212
532901195008252215
532901196603122225
532901195412202260
532901201606102215
532901199908252219
532901199802022220
532901201606192222
511325198709195310
520181199009061712
532901201602112213
532901197210042237
532901199501052223
532901199607102217
532901200106162217
532901192908232224
532901200908082227
532901197302202242
53290120100215222X
513426198505216216
532901201201092223
532901201610192225
532901201307042267
532901197509082241
532901200507152239
532901199810262216
53290120001022222X
532901198211102216
532901197603072242
532901199911272229
53290119950104221X
532901197602292219
532901199703293033
532901200106203015
532901199708203068
532901198812273053
532901201012073023
532901200501293022
532901200805093011
532901201211013015
532901200502253014
532901199601063077
532901194406103026
532901198407281842
532901200507113010
532901200303233010
532901200611263019
532901201105083044
532901201111203022
511381198804185752
532901201410063023
532901201609113016
532901201604233027
532901201609173043
430723195812100011
220523195611023427
532901199212173037
532901200102203026
532901200507293031
532901199612243081
532901200601193045
532924200001071110
532901201212223030
532901201601173022
532901200111073016
532901195304293011
532901200605013013
532901195408063026
532901200106213010
532901200709053028
532901200411223012
532901200507023023
532901200412143022
532901200205093026
532901201206163027
532901199706133035
53290120010910301X
532901201110043039
533321198811010044
532901198712283043
532901200407203019
532901200203243019
532901198403153034
532901201311293042
532901200510223018
532901199708203084
532901200004303023
532901201209153035
532901201407013025
532901199702103058
532901199805013063
522401196606029246
522401196801193498
532901199605173062
532901199907213015
532901200901083040
53290120150618302X
532901201511243015
532901199608263039
532901199412033039
53290120020825303X
532901199508293038
532901199710143041
532901199710013044
532901199604083014
53290120121215301X
532901201408113028
532901201102013024
532901199812093022
532901199910163039
532901200308183016
532901200409123020
532901200306143010
532901200710033024
53290120080402302X
532901200102083028
53290120050529302X
532901200212113013
532901199512043023
532901201502093019
53290119991022302X
532901200501263042
532923199901291141
532901201504243017
532922201404100053
532901201606173021
532901201605083024
532901200508203018
532901198906233036
532901199410203102
532901200204283020
532901200612083028
532927198907050534
532901201609073042
532901193106223013
532924199509101768
53290120160728302X
532901201011303026
532901200401133013
532901200201203021
532901200909043019
532901201212063030
532522199302253815
532901201301233062
532901199403073039
532901199611173077
532901200108203019
532901199412153030
532901199703033071
532901199501013072
532901199508153035
532901200302013024
532901198512243047
532901201308093015
532901201111233029
620103199001133528
532901201510213017
532901201606163034
532901199803013000
532901199611173093
532901199506263038
532901201203083013
53290120020406301X
532901200701033022
532901200407213014
532901199701093038
532901200004283018
532901199710033029
532901200306053023
532901200110243028
532901199705063047
532901199712293086
532901200412203048
532901200907293014
532901199609013031
532901195811163027
532901200102053021
532901200612073049
532901199204143030
532901201012113013
532901201407183024
532901201409013029
532901200802233015
532901197303293027
532901193710113013
532901199706243031
532901200401313014
53290120131015303X
450421195708020032
450421195905200067
532901199412153102
532901199412153102
53290120090519301X
532901192203043036
532901200203213020
532901198802203131
53302319830807301X
532901200207303023
532901198010263013
532901193701203025
53290120070124302X
522123199505161016
53290119930606304X
532901201407033026
532901199608233040
532901199604013059
532901200605153024
532901200205303011
532901201203143020
532901199412133064
53290120010826302X
532901201308133013
532901201101263013
532901199612043047
532901198611013052
532901200108173040
532901197606043017
532901199110143080
532901198904303088
532901199202113065
532901199607123042
532901200511023026
532901199901213057
532901199301103030
532901198901183033
532901199609143012
532901198712103057
532901199011123033
532901197508223022
532901200910123032
532901201004203027
532901200808083038
532901198210013035
532901201110033017
532901199008193065
532901200003163030
532901201307303041
532324198807010525
532125198610010033
532901199007101528
532901201503113018
532901201508223048
532901200812061448
532901199911093044
532901199901213030
532901200512043045
532901200806273049
532901200211193066
532901200409193029
532901200109073025
532901198711293039
532901199803203031
532901198810143036
53290120091005302X
532901198804283083
532901201108033026
532901201401203012
532901201604063013
532901201506043019
532901199605023056
532901199910263021
532901200606073018
532901197404083010
532901199710093048
53290119960924303X
532901199409193031
532901201201253015
532901201512183050
532901201611103044
532901201605213028
532901193903193021
532901199806283049
532901200605243011
53290119961015304X
532901200912243011
532930198810251928
532901201102153043
532901201011123068
532901201302233021
532901201607103025
532901199804303042
532901197206173015
532901200509033014
532901197003213013
532901200310173028
532901200705223018
532901200609293024
532901199912293013
53290119980101304X
532901199811293014
532901198503193033
522225198105040825
532901201511303022
532901199007223082
53290119981005306X
532901199607143043
532901201207043027
532901201111113035
53290120141121302X
532901200112123011
520202197404295552
532901199904283018
532901199605123081
532901199809153047
532901200511243010
532901200504243020
532901198503103034
532901199901123019
532901200205153025
511011197402066953
532901200106213029
532901201609023037
532901197512183000
51222519540913143X
532901199510273108
532901194305053023
532901199808253046
532901199808253038
532901199809213038
532901199406223047
532901199909053019
532901199511293039
532901199207103042
53290119791211301X
532901201511093010
532901201610043035
532901199601023067
532901199611053104
532901200411143039
532901199011213127
532901200212313015
532901199207273033
532901199811173012
532901199711223043
53290120070108302X
532901194404023022
53290119771114301X
532901200804183015
532901199812013029
53290120020414301X
532901196908153057
53290120041016302X
53290119720505302X
532901201102043020
532901201112083018
532901201104123040
532901201207163029
53290120121120302X
532901198001173016
532901201507263013
532901201507263013
532901201502033024
532901201608233024
53290120010922302X
532901200702123011
532901200406233013
532901200604113047
532901201510153018
532901199706113077
53290119760618301X
532901200110103025
53290119990628302X
532901199501313040
513722197912196917
532901201405213023
532901201504073046
53290120001221301X
532901200702123038
532901200010183013
532901198705083043
532901198901063058
532901196909013021
532901199704223045
532901200708203012
53290120120220301X
53290120150124302X
532901200001053014
532901198905243048
532901200302053018
532901201009093015
532901197906283039
532901201111143015
532901201211213017
532901199201023041
532901199207223044
532901199604173036
532901199512243121
532901199512243105
53290120101015302X
532901199009093111
532901199804173081
532901200104163013
532901194511123010
532901200404133027
532901197702103024
532901201001023012
532901197609263031
532901200709153010
532901201412303035
532901199605263076
532901199607213048
532901199711023033
532901199804013045
532901201406173027
53290120140213301X
532901201507073017
532901201606033029
532901200302263015
532901199504023081
532901200510123025
532901200611263051
532901200804073019
532901200803073017
532901201111293021
532901199812013037
532901201510043011
532901197709303010
532901200010033015
532901199402223023
532901201103213036
532901201205023014
532901201312233017
532901199612283032
532901199802093045
532901200506163016
532901200906083031
532901200009253010
532301198610080541
532901201211093035
532901201602233023
53290119691118302X
532901200010263021
532901198211023040
532901200810233015
532901200101023023
532901200508163028
532901200508163044
532901197510183066
532901201102243014
532901200711183024
532724198105083019
532901198908203041
532901201104273014
532901201104273030
532901199207063044
532901201610113021
532901201111193012
532901198101023023
532901200408143046
532901199912013069
532901200512043029
532901199509053124
532901197306123023
532901200910123016
532901200503313023
53290120130609302X
532901201301123031
532901199702043120
532901200507283028
532901199306073037
532901198903123122
532901199806033031
532901197405133024
532901200305043018
532901200010273027
532901199907113022
532901200903113012
413022198004044013
53290120160609303X
532901201605243067
532901201603113023
532901201203303020
532901200410033022
532901200810213049
532901200511023042
53290119970914301X
532901200906123021
532901199105163079
532901200003163014
532901200104113040
532901200208203024
532901200401193024
532901199904273012
532901200401123018
532901200003013032
532901200808083046
532901200809073018
53290119991217302X
430703196112241357
430703196610148681
532901200509143029
532901200601083022
532901199805093016
532901198810083088
532901200906073028
532901199907203028
532901200711183040
532901200310143048
53290120090125302X
532901200004063015
532901201007233010
532901200908083027
532901200406083027
532901196808103028
532901200402204629
532901201010193064
532901201208133024
532901201209283016
532901201303123019
532901201309163011
532901201404013011
532901201411143041
510128197410058277
532901201212083023
532901201309303045
532901201312073025
532901201311123027
532901200910033037
532901198811193027
532901194102063029
532901195201173025
53290119600809301X
532901195309173035
532901194003053028
532901201612253036
532901194908213014
532901195710153022
532901195608013015
532901201611053016
532901201601293024
532901195602163012
532901201611013030
532901201503093029
532901199803223016
532901200402103211
532901197305223225
532901201405103211
532901200508273219
532901197309063214
532901200010253229
53290120080404324X
532901201007293216
532901200810103229
532901199610093235
532901201309243222
511124196802245312
532901201607013214
532901199210083249
532901200412143225
532901200406213215
532901198506083235
532901199212133246
532901198808073243
53290120131004321X
52263419730614443X
53290120011010321X
532901200404183227
532901201211113219
532901201608293211
532901194610013220
532901200404173221
532901201608223213
532901198304163210
532901200903093218
532901194704073224
532901201011103235
532901201212183219
532901201501073219
532901197301203227
532901196310093221
532901201310273226
532901197108083243
532901197004213226
532901201210253228
532901201606023269
532901201607043210
532901200507223228
53290119860327325X
532901200503243221
532901201405123220
532929197005051317
532901197204063226
532901201102053210
532901201206083211
53290120100415144X
532901195612083243
532901200603043227
532901199312013233
532901199507143230
532901194303223252
532901200112033227
532901201609263225
532901200212253227
532901199506223239
532901199402133239
532901199004083256
532901201609053228
532901201610313218
532901200606173211
532901199103055349
532901201411043219
532901201410233213
532901196105133220
532901198704233249
532901200706053225
532901201610153226
532901201408183210
532901200109013225
53290120040229322X
532901193803273227
532901201611193211
532901200705173233
53290119400326321X
532901200403153229
53290119311212322X
532901200907093215
532901200411263225
532901200304113221
532901200910113213
532901201106033217
532901201007273223
532901201008303228
532901201302213223
532901201307073223
532901201212273214
532901201602093219
532901201612133229
532901201609103213
532901201610043211
532901199109093231
532901200012063218
532901197008203228
532901199509023240
532901201105263256
532901201609013226
532901201604023222
532901200704083228
330182197205134415
532901201101283225
53290120081119322X
532901194808203222
532901200001193228
533023199505164126
532901196303303219
532901201110223216
532901201308123210
532901196904243223
532901199907303213
532901200911043245
532901199903073211
532901201701313213
532901199901223220
532901200211013248
53290120020101321X
532901201301043226
532901201310063210
532901201612283227
53290120090310321X
532901200801213223
532901201209223216
532901199710243210
532901201009033223
532901201308293228
532901200609063229
532901200911263213
532901201702173216
532930198401050914
532901199703185315
53293019650919091X
53290120091221531X
522423197810032330
532901201202115327
532930194911030915
532901201210275312
532901201012185340
532901199512085362
532930200310210927
532930197512100924
532901199809275327
532930193612250921
532930197111240926
532930196803052382
532901201012135319
532122198411082238
532930197612241310
532930198707070942
532901200304245312
532901200203295329
532901199809075325
532901200206055320
532901199010055315
532901199302015315
53290120120612532X
532927198602091925
53290120160925533X
532930197203010917
532930197909040042
532901199802235322
532901200503265324
532901199403125345
53290120011105531X
532901199602245315
532930200006240929
532930199910180930
532901200910305311
53293019630708094X
532901199501105313
532932200908130916
532901199103085310
532901200403185327
532901199910265318
532901199501285318
532901200812065318
532901199010185320
532930198410010914
532930197309190928
532901200808125322
532901201209125317
532901199001065327
532930200308020913
532901200510015323
532901199407235322
532901199211045324
532930199902240921
532930198101160943
532930196910250958
532930200310180924
532901199007025326
532901199210015342
532901200410225331
532930196604260912
532930200012020914
532930200211040926
532930197709260913
532901200909275311
532901200501185320
53290120010823531X
532901199912205327
532901199409165321
532901200308155314
532901200705235326
532930195903040923
532901199009035317
532930200110150915
532901201207125321
220722198909084423
532930197202140912
532901201003245321
532930195508250920
532930197502140922
532930197802040923
532930198604160910
532901198803205315
532901200906265329
532901201306185338
532901199310105337
532901200803145324
532901200601275315
532930192506200918
532930198008080922
532901199406105315
532901200708095322
532930199811260919
532930194706080921
532930198506240925
53293019950106092X
53293019700326092X
532901199008175318
532901199805175310
532901198811285319
532901201408275318
53290120130411531X
532901201510255321
532901201608235329
532901200507245347
532930197712051709
530111193711021417
532901199302015358
532930198605050916
532901201209245319
532901201412305313
220221199103291942
532930197902230919
532901199701135349
532930200009270912
532901200411055311
532901200711025325
532901200507115315
532901199907071053
532901200512195313
53290119930105534X
532931200201170918
532901199604245319
532930199903200921
532930200112220921
532901200512145316
53290120050204532X
532901199707245311
532901200806135324
532930196007161019
532901199012116513
532901201612225326
532901200512105322
532901200003015329
532930198702030917
532930200102050922
532930197102150945
522730198606070043
43052119821109287X
430521200612092889
532930198109030000
532930197906180912
532901200404175323
532930200103080920
532901198905055311
532901201105015316
532930200211300919
532901200003035346
532901198908145355
532930198105170946
532901199001055313
532901201007075323
510227196706016492
532901198803205331
532901198508145313
532901201608185341
532901199203075312
532901199710055332
532930200207100914
532901201706065319
532930196607070938
532930200306040910
532901200604275329
532901200508135342
532901200701205330
532901199911135312
532901199712245316
532901200804125325
532901201202265325
532901200810065322
53290120030502532X
532901201603095312
53290120151028531X
532930195710250916
532930200308150910
532930198110060944
532930200110230915
532930198111050000
532901200108245331
532930197906120928
532901200404225327
532930200109020910
53290120080905532X
532930193207090928
532901201301285321
532901201601025329
53293019740623091X
532901199307055316
532901199711055318
532930197903030927
532901200003135320
532930197012130916
53290120140808532X
532901201511045318
532901199701275341
53293019371120092X
532901198902085312
53293020020823093X
532930194905020913
532901199303095310
532901199710105328
532930199804130913
532426198012140025
532930197610200929
532901199510055354
532901199702045329
532901199410025318
532930194702100913
532930198302170910
532930198609070914
532901200711095323
532901200912035319
532901201412215318
532901200803085325
532930200011180940
532901200903075327
532901199809305311
532901200402255311
532930199904190921
532930198002090919
532901200906265310
532930198710170928
532901201301075324
532901201312125323
532901201301165311
532901200102185323
532901199702255318
532930200010290910
532901199607245314
532930200001070916
53290120040926531X
532901200010135345
532901200607185329
532901199706225327
532930199901050915
532901200904205322
532901199710105336
532930199906240929
532930199903100920
532901199508195331
532901199708175327
532901199105055334
532901201507135310
532930200110252321
532930200008010916
532901198803105357
532930199911170929
532901199309155329
532930199809270923
53293019800308094X
532930200007130924
53290120101028533X
532930196808160921
532901200203055317
532930200001010913
532930199905180928
532930198111120929
532930200005220926
532930197712201922
532930200201070937
532930199812280911
532930200010090919
532930197809200918
532901199305145318
532901200612205320
532901199603125323
532930199810050928
532901201201145313
532901200805085310
532901200801305312
532930198012050910
532901200411185327
532930199908200912
532930200103060911
532901198111082457
532901201301225310
532901201607305321
532930199905130912
532901199705185327
532930199911010917
532901201111125319
532901199304155370
532901199405315329
532930200006150915
532901201101285327
532930198604150958
532901200610265311
53290120040129532X
532930194910100942
532901199711175328
532901198905105331
532901199707215315
532901200503175329
532901201312165317
532901198910205329
532930197807060915
532901199001185329
532901200304205310
532930199904180918
532901200404255323
532901200809115329
532901201108045318
532930197304070919
532901200307265319
532930200203180937
532901199902195313
532901200207105326
532901200603165312
532901200704125328
532930198009100921
532901200406285331
532901200606155312
532901198804155364
532901199405185325
513437198401209029
532901200208115323
53293020021014095X
532901200710025315
532930200008270929
532901199510195314
532930193203050910
532901201011185314
532901199812015323
532901201008275327
532930200208260928
532930200011270911
532901200406065312
532901201011025310
532930200106070912
532901200606095321
532901200908075326
532901200001245315
532901201603125315
532901200301185318
53290119980806531X
532901201303265324
532901199810225327
440882199303026920
422828199208031529
532901201007315323
532930198704050938
532901200212295320
532901201405155310
532901201602195311
532901200103085324
532901199209105359
532930197505140944
532901200709095340
532901200503035318
532901200512105584
532930194802020945
532901201504275326
53290120071208532X
532930196209150924
532901199012135327
532901201309275320
532930196001260913
532901200804295324
532901200708155321
532901199701225328
532901200609065312
532930197006100921
440982199710034181
532901199008195343
532901201512185320
532901200808295321
532901200305235319
532901200911285316
532901200108255310
532901201201045312
532901200907295319
532901199911255314
532901199409055317
532901199604155313
532930192802161175
532901200912145323
532901198807205347
53293019700330091X
532901199610105312
532901200908305312
532901200405125336
532922198205291526
532901200804115311
412824198112050010
532930197604150929
532901200411205316
532901200211225312
532930195103080919
532901200101035323
532901201308195329
510521197207277201
532930197312110917
532930198705110912
532901199311254916
532901199612084949
532930200012061118
532930197404111140
532930194710111110
532901200810314915
532901199706044913
532901200201164923
532901199306124914
53290119980901491X
532901200003314927
53290119970303498X
532901201205044931
532901200708284940
532930200010121121
532930198604160646
532901200907064967
532901200810314923
532901200901064915
532901201208224954
532901201607094931
37242119570914061X
532901200611104931
532901199901104918
532930196701081123
53290119910823491X
371421198811120626
532930198205091110
532930197012221113
532930197306204925
532901199803034944
532901199506274933
533222199011195824
532901200909194917
532901201511254929
532901200006054913
532901200604284911
532930198710061174
411426200906290358
532901201404094915
532901201506044919
532901201511044948
53293019851001113X
532930199806201121
532930200212031124
532930196004151122
532930195604031728
430521196807115201
532901201103034935
430521196703155233
532901201206064926
532901198407294918
532901200306164946
532901201608094925
532930198205171188
532901200508264910
532901200111174917
510232196911036514
510232197212056326
500227200703296326
532930198901100949
431023199203137821
532901200101134946
532901199910025023
53290119941208491X
532901199205064916
532901199807174928
532901199609174919
532901200104014915
540102201606200053
532901198906104947
532901200904024919
532901199610304944
532901199604164949
532901200011114917
532901200211064926
532930198312061136
53293019841102113X
532930195503051113
532901200711214927
532901199801184922
53290120000501491X
532901199412054921
532901200909164910
532901201211014915
520201199205113616
532930200812200331
532901198905054917
532901199108094910
53290120050404921X
532901199806214916
532901198101144917
532901200909074915
532901199203234926
53290120111110493X
532901201107174935
532901201608064910
53290119990126492X
532901199809254956
532901200001294934
51101119851221339X
532901201104074963
532930194105051113
532901201411234920
532901201311124919
532901201512144916
532901201609114916
532930200109021112
53293020020208111X
532901200502164927
532930200301161115
532901200509274918
532901201211254927
532901199911124971
532930197012271110
53290119940918491X
532930197208061166
532930195401021116
532901199612084965
532901201109084917
532901201402044965
532901199608194934
532901200510084919
532901200106174920
532930198507041127
532901199303104926
532901200712274921
510902198810132872
532901199708024924
532930193205121145
532930197012011167
532901200007224910
532901199910144938
532930200112221123
53290119930311493X
532901199812254957
532901200403044911
532901200012274939
532930197702091141
532930198201251121
510227197404286491
500223200605316674
532901198809244999
53293019670610112X
532901201410114943
532901199401214918
532930194210101127
53290119930328500X
532901199611074925
53290120101012494X
532930196907091124
532901199203084913
532930198607271114
532901200511264938
532901201305054926
532930198702201149
532901199010104957
53290119991114493X
532901200710154926
532901199812144918
532233197608140411
532901199710264935
53293019721107112X
532930198203101119
532901200411254927
532901199610284947
53293019741006116X
532901199910124929
532930193802041143
53290119990819491X
532901199908094919
532901199812254914
532901199809014928
532930200204171127
532930197606121136
532901200908104916
532930197009021137
532901199612314919
532930200310241117
532901200011234927
532901199909074952
532901200604144927
532901199909124948
510502197801137421
532901199705154918
532901201002084925
532901201010264926
532626198712040026
532901201502284923
532901201609194944
532901200109174926
532901199909104947
532901200604174915
532901200805104948
532901200407234915
532901199810134919
532901199710224917
532930198709101124
532901200609234921
532901200012184933
532930200207101116
532930198410061121
53290120050916492X
532930196908281114
532901201312304911
532930197202131223
532930200207301118
53290120010527492X
532901201102064948
532901201109304924
532901199303104918
532930199311150625
532901201603264921
532901201610064928
532930198405121724
532930195108081216
532930196903141729
532901199512084925
532901200704034928
532901199912155008
532901200701014948
532901199409034911
532901199905274922
532901200707244963
53290119990915491X
532930200301211143
532901199107284915
532901199306124922
532901200905164913
532901200903184929
532930195412021111
532901199501034922
532901200212144928
532901199807194945
532901201307294923
532901201507274927
532901201602024969
532901200012084959
532901199904204914
53290120000409492X
532901199909114926
532901200102145321
532901200611184943
532930193505191145
532901201207084929
532901201303084910
532901201412064927
532901201606174921
532901201605014918
532901201608174925
532901201604194910
532901200202224924
532930195007051165
532930197405211119
532901201004014912
532901199810224914
532901200008314926
532930193304161169
532901199308124918
532901199712154940
532901198807064919
532901199611114931
532930200007181123
532901200411164913
532901200106224924
532901200001094924
532930200108241121
532930193609041125
532901201112054911
530325199301010949
532901201112294966
532901200506144915
532901199410194947
532901200004064915
532901199209304913
532901199906034920
532901201002034936
532901200811264913
532930200304021169
53290120131202491X
532901199311064944
532901200110044942
532901200909134949
532901200008124938
532901200903134921
532901201210314916
532901201507314917
532901199302184936
532901200005164918
532901199909214943
53290119940210493X
532901200703264924
532901199607074922
532901200703054927
532901198806024915
532901200010254918
532901199901074915
53290119991110492X
532901200903154922
532901200709224915
53293019380409111X
532901201005094918
53290120110923492X
532930200308121140
532901200002244912
532901199706184916
532930193006151114
53293019810708112X
532930198910281729
532901199701244916
532901199403094913
532901199906174915
532930200306161114
532901201310214912
532901201602144944
532901199912104921
53290120091117494X
532901201010264918
532901201610024918
532901200705074921
532930198706231193
532901200408084920
532930200102111115
532901200703034926
53290120050705492X
532930200309141135
53290120080716491X
532901200110134948
532901199009024917
532930197402081136
532901200304254913
532901199701044914
532901200707224911
532901201511094929
532930198103081114
532901199901164910
532930197804211124
532901198412104920
532901201312094918
532930200212011123
53290120061128491X
532930200309191116
532901200901104913
53290119900813492X
532901199901164929
532930197701131121
532930197009151126
53290120090217493X
532901200704134929
532901200312294923
532901201103184917
532901201509064915
532901200010044929
532901200609104940
532930193207051136
532901199801144939
532901199011254949
532901199405054931
53293019380621112X
532901200901304923
532901201307274914
532901199011294924
532930198605291728
532901200809024988
532901199202084946
532901200605024927
532901200411134925
532930200103301113
532901199202104919
532930197601271127
532901199907114922
532901200908184928
532930198207101116
532901201107064939
622727199808041419
532901201404244944
532901200008104910
532901200903104925
532901200611034961
532901200501064924
532930197706071172
532901200202114928
532901200110254915
532930196708061176
532901199210134915
532901199710034937
532901199010194921
532901200510224926
532901199712244911
532901201409234913
532901200909244910
532901200705194923
532901199811084941
532901200506234937
53290120150909492X
532901200210164917
532901200904154924
532901199501174925
532930200308171113
532901199503184916
532901199210044936
532901200001044927
532901201212184924
532930194305241122
53290120091216492X
532901200902164926
532901201305164914
532901201508044920
532901199803064916
532901200801044925
53290120011227491X
53293019850117114X
532901199706094910
532901199710114937
53290120090122494X
532901201405304910
532901199111214928
532901201512184926
532930198305151133
532901201512234938
532901201604094936
532901199411264919
532932197312180926
532901201610094932
430521196506110490
430521196505220508
532901193104104926
532930200210201118
532901201303074923
532930200211151124
532901199812014929
53290120020326491X
532930196207081160
532901201110204920
532901200201284925
532901196607252625
532901199910304938
53293119740902072X
532901199905124924
320113196202241611
532901199904234929
532930198211191126
532930197508071112
532901199605104913
53293019701130112X
532901199810114918
532901199101204910
532930200309251115
532901199101214916
53290119940708494X
532901201612054926
532901200112174927
532901200601054926
532930200210031139
532901201607214913
532901197302152628
532930197901121147
532901199511084931
532901201308254923
532901201604014916
532901199402044914
532901199706204921
532901199512064932
532932199310010738
532901200505304913
53290119980702492X
532901198807044918
532901198910064941
532901199011144926
532901199709064952
532930193901211128
532901199502244921
532924198111060025
532901201108314928
532901201410014926
532901198911214913
532901201403284928
532901201609034924
532901201606144976
532901201511204913
532901201602244929
53290120050912491X
53290119960222491X
532930197809031114
230183196301036215
532930196303301143
532901200806014944
532901201109064916
532901200511234915
532901200402144929
532901200705154913
532901199312124910
532901198910124326
532930199102082320
532930197211131110
532930200106071122
532901199103264917
532901199905314912
532930198603131122
510225196412058635
533423199506100361
532901201009302446
532930200110131124
532901198812124955
532930198105071120
532930198012221118
532901200708314927
532901199701144923
532930198112101113
532901198911094915
532901200305065006
532901200510174973
532930198708151111
532930197702111122
53290120091021492X
532901201103014918
53290120060516492X
532901200208084985
532901200506164916
532901201311094924
532901200609014929
532901201305044947
532901201509164916
532901198903234914
532901199003204917
532901199504024922
53293019850814112X
532901199710084969
532930200105241126
532901200607084931
532901200103044928
532901200802124951
532930198001141112
532930194107161121
532901199903164914
532901199906034912
53293019850116111X
532930200110071125
532930200205091129
532901201212204948
532901201310014929
532901199307054911
532901201304234925
53293019810114111X
532901198904024935
532901200910144917
532930195706241136
532901200107274915
532930200107161111
532901200803144938
532930194501201128
532901200101084918
532930193605131115
532901199008204916
532930198404161142
532901199401104292
53293019711102262X
532901199308194916
532901199611114915
532930198607191114
53293019740819115X
532901199912034927
532901201112154912
532930199007201723
53290119940110492X
532901201307194914
532901198901234910
532930198306181158
532901198912014948
532901201510144920
532901201608104919
532901199705114967
532930200212051125
532901200001034956
532930200108081121
532930197707020625
532901201107094919
532930197706261144
532926198801090363
532930200204071126
532930197709141180
532930198407181114
53290120080812491X
532930197108111146
532901201105304943
532901200109094926
532930200308121167
532901199412114912
53290120040316493X
532901200208304917
532901198504194927
53290120010201492X
532901201511164915
532901200002084947
532901200806274957
53290119881206493X
532930200109031329
511023196310302876
532901199906244928
532930195401061142
532901199712054958
532901199607184910
532930197903101115
532901198811254918
532901200906094945
532901199702094913
532901199605194912
532930193609100391
532930199903281127
532901199510264914
532901200004164940
532930197405141149
532901199704194926
532901200806134911
532901200709104921
532930196710101165
532901199509024921
53290119930813493X
532930194306121149
532930200301041156
532901201512204915
532901196912284922
532901199002264926
53290119970401493X
532930197703101102
532930196006161121
532930194705081148
532901199005234917
53290120000317491X
532901200708154943
532901201001164915
53290120110524491X
532901201212144922
532930200306201120
532901199912284918
532901200009024912
532930200111051118
532901200109044945
532901199705034932
532930200311091122
532901201206014910
532901201308154922
500225198906226245
53293019750223112X
532930195203201159
53293019990307112X
532930197609291114
532930197712081166
532901200305244979
53290120070607494X
532901199207024926
532901201212034926
532901200401294917
532901199801094919
532901200010234917
532901201008074939
532901200910234963
532930197002181146
53290120160920492X
532901201304214916
532930200307241116
532901201508184923
532901199503134919
532930200201191122
532901200903274924
532901200811104944
532930198211091125
532901199110134950
532901199811014935
532901200204274925
532930200212101137
532901200004244932
532901199701014950
532901199607164952
532930193410201128
532901199203214925
532930198010201148
532901199812064942
532901201011174914
532930197008091125
532901198801204917
532930200107281148
532901199910124910
532901200610164916
532901199510164921
532901199608104927
532930198610034910
532901201112204940
532901201210314924
532930199211125211
532901199507034915
532901200303144915
532901199309014948
532901201401124939
532901199308184945
532901199509154910
532930198505061124
532930196903151169
532930200205211119
532930200008121149
532901201002184942
532901199802244923
532901197108294315
532901200712044915
532901199607014938
532901199410144915
532901200307024910
532901201203244921
522522197608277210
532901201111234929
532901200602262225
532901200404044120
53290119940608493X
53290119970613496X
532901199010104930
532901199801214925
532930197402111139
532901199411204991
532901199905264927
532901200412124913
532901199711124934
532930200206301116
532901200411064912
532901200012024913
53290119950905491X
532901198901034951
532901199007124949
532901199006204920
532901201504234911
532930200306091128
532901199507164920
532901200003074935
532901200107314921
532901200012244967
532901200011214926
532901199705164913
532930200011171112
532901199912284926
532901200907304916
532901200108254916
532901200307014915
532901200708124947
532901200908194923
532901199203264914
53290119981023491X
532901200111194926
532930200106091115
532930197411071140
532901199902234933
532901200912234916
532901201010014986
532901200310114933
532901200010304938
532901200109194927
532901200209154922
53290120020514492X
532930197008281113
532930193308151128
532901200912164946
532930197109281120
532901201304124910
532901201203040929
532901199710224976
532930200307311129
53290119951028494X
53293019840910119X
532901199610154915
532901200908074921
532901201211214941
532930198704101117
53290120150526491X
53290120160214491X
532901199310264944
532901200612094923
532901200611204940
532901200112254927
532930198206081176
532901200803094926
53290119930420497X
532901199708204925
532901201207124919
532901201310234921
532901201502084921
532901201411184919
532901199205254947
532930197904141151
532930192804071114
532901199509124957
532930197509091203
532930192806151126
532930198902031383
532930192904081133
532901199912244916
532901199511274946
532901197101054925
532930200304121127
53290120031201491X
53290120120726492X
532901201303084945
532901201608144945
532930197405091145
532901200109204929
532901200609044925
532901200503044919
532901199508054926
532923195510110536
532901200806274930
532930194905091121
532901201010134929
532901201207024918
532901201204224949
532930200311110039
532930198711161150
532930196311241128
532901201001134919
53290120110616492X
532901200006274940
532930196804261143
532930200309261129
532930197612181127
532901199908204911
532930200206251120
532901199706024920
532901199710194965
532901199710104915
532901200408154917
53293019700406113X
532901198902144925
532901201504144916
532901200111214915
532901200909104969
532901199911074951
532901200503054922
532901200803184921
53293019721105117X
532901199611124937
532901200405144967
532901200710074918
532122199110110383
532901199405264920
532901201412214921
532901201607284911
532901201607154922
532930200103221121
532930194705101129
532930200304251116
532930200208201143
532901200312224941
532901201012114921
532901201407074928
610429199106274165
53290119950817491X
532901200801124933
532930200212311206
532901200705124917
532901199602114921
532930196504101148
532930198504091110
532930198201091113
532930199005230029
532901200503154915
532901199110224913
532932198012041523
532901199610014920
532901200002064911
532901199006194910
532930198406201144
532930198703291115
532930198703231112
532901199310054912
532901199911064921
532901201012234931
532901200603254921
532901200401034920
53293019790923113X
532901201401164949
532930197710111149
53293020030830115X
53290120130430492X
532901201503174910
532901201603214916
532901200612274924
532901201408164925
532901199810034950
532930198712211113
532901199910114982
532930200109121113
532901199911204947
532901201404124918
532901199607024925
53290120000819491X
532930198611181111
532930200011121334
532901199110064913
53290119981231493X
532901201310284910
532901201602024926
532901199905264951
532901199801224939
532901199705104953
532901199912224915
532901200811274927
532901201201064919
532901198806224925
532901201312194927
532901200402284913
532901199511244931
532901200002274927
532901199306204922
532901199805044943
532930200110221111
532901200708124920
513125199411161017
53290119961011493X
532901199808194939
532930196709091158
532901199707144967
532930197811281139
532901201209154919
53290120001110492X
532930198011131110
532901199711174931
532901199011174957
532901200106134910
532930200008161124
532901200409224913
532930199911271113
532923200111081129
532930200002211127
532930200211211115
532901200105014925
532901199102174944
532901200709264933
532930200301081123
532901199511034934
532901199611174918
532901201311154923
532901200809094927
532901200410064937
532901198811174918
532901199608234940
532901199007125001
532930197803221128
532930197802051147
532901201208264921
532901201309284913
532901199801184949
532901199301284986
532901200003134918
532930200108071126
532901199310014945
532901200006284911
532901199308184937
532901198801194931
53293019620111112X
532901196905134926
532901198903234930
532901200012254911
532930196602081128
532901200003184931
532901201011054939
532930198811061325
532901199203054917
532930196509041121
532901199006184982
532901201501064945
532901201302154913
532930197911241142
532901199902084920
532930196702241125
532901201307114929
532930197207081122
532901200106104914
532930200201091113
532901199006264958
532930195101011127
532930198410290629
532901201406164913
532901201411149451
532901201502034916
532930198005031121
532901200405144940
532901199305154951
532901201410094911
532930193912101119
532930196302081142
532901200904074932
532930200310161125
532930194506051122
532930200306181123
532626198808102121
532901199111024956
460028199703095628
532901201501294927
532901201608014921
53293019820806111X
53290119890712494X
532901199201054913
532930198608221119
532901199709154966
532930197610131206
532932196408061345
532932197503171336
532901200003174944
532901200506234929
532901201109124966
532901201306234910
532901199302144934
532901199909264916
532930198003151111
532901200503264911
532901200810014939
532930198106201142
53290119920910492X
532930198405211113
532930197007181129
532901199808264925
532901199607044918
532901200112074926
532901200710194960
532901201411124924
532901200012234929
532901200507304917
532901199211044954
532930200012071113
532901199806134924
532930200108101110
532901201103164916
532930195704281126
532930200106121118
532901199806084947
532901199102044920
532901199102284932
532930200302191148
532901200202124923
53293019830713111X
532930197412171151
53290119991230494X
532901200007204936
532901199912274939
532930197612041124
532901199803104914
532901199611084912
532901200406064918
532901199803224916
532901199604264915
532901199812314948
532930198003201123
532901201004034913
532930193604071122
532901201205164941
532901201201014946
532930198712051113
532901201412214948
532901201602134965
53290119970210494X
532901199705024937
532930200108141112
532901201001024947
532901201310084919
532901200907114928
532901199403124940
532901200609064926
532901199605124981
532901199804304934
532930194406020118
532901200011182629
532930200209091118
532901199702114910
532901199904014950
532901200311204914
532901200410204928
532901200009184932
532930200110201110
532901199803094920
532901199908084913
532901200206104129
53290119960617493X
53290119961218494X
532901199902094926
532930194703141119
532901201406044911
532930198411131152
532930196312151140
532901199706184940
532901198304124940
532930200211041152
532930200203111122
532930196605141130
532930200301181116
532901199611124953
532901199909304922
53290119950614491X
53290119981204495X
532901199903164930
532901199602254916
532901199805134922
532901194912144920
532901199402114927
532901200011224913
53290120120531492X
53290119970310495X
532901199708174949
53290119960804491X
532930198504161115
532901199807214942
532901200504144911
532901198808154932
532930196608121135
532901199104074939
532901199710094980
532930197309101155
532901199010124923
532901199802084982
532901200808044928
532901201601074921
532901201003054920
533224198203140025
532901201107184949
532901198908224918
532901199106064945
532901201308194924
532901201404064943
53290120151107491X
53293019840524111X
532901199304124929
532901199612064921
532901199304164947
532930197311061156
53290119700408492X
532901199104164926
532930194908221470
511023199003067726
532901199808074929
532901201203204911
532930198001061120
532901201506234915
532901201608294927
532901198904194969
532901200905184922
532901199805024918
532930196409111129
532930194806121110
532901199508154935
532901199107184965
532901201001254937
533423199409171942
532901199910114931
532901197708184945
532901197212044949
532901199302124941
532901200807304919
532901198903154930
53290119991107496X
532930197506030640
532930197506030640
532901200006214948
53290119970914491X
532901201110314919
532901201312154925
532901201412154914
532901200208024915
532901199804294959
532930200106201126
532901200009224914
532930194706141149
532930194706141149
532901199910044953
532930200012201125
53290119931008496X
532901200801174922
532930200101161110
532901200807104933
532901199810234952
532901199901114913
532901200603084950
532901201004204919
532901199712254941
53290120110827492X
532901201105184929
532901201111194912
53290120111205492X
532901201201214921
